0 6242
1 287
2 706
3 574
4 1452
5 408
6 96
7 92
8 195
9 91
10 991
11 389
12 95
13 86
14 400
15 88
16 192
17 98
18 183
19 100
20 91
21 90
22 98
23 105
24 106
25 93
26 273
27 1936
28 296
29 95
30 88
31 267
32 173
33 86
34 97
35 578
36 98
37 87
38 90
39 81
40 92
41 90
42 92
43 82
44 89
45 85
46 86
47 84
48 89
49 81
50 92
51 84
52 178
53 84
54 87
55 83
56 82
57 86
58 101
59 86
60 85
61 82
62 696
63 195
64 98
65 174
66 84
67 83
68 181
69 80
70 81
71 174
72 85
73 820
74 85
75 682
76 172
77 80
78 82
79 85
80 79
81 84
82 86
83 83
84 81
85 85
86 84
87 79
88 87
89 80
90 82
91 84
92 89
93 80
94 82
95 79
96 86
97 82
98 84
99 96
100 98
101 81
102 80
103 85
104 83
105 78
106 80
107 79
108 84
109 81
110 85
111 83
112 80
113 83
114 79
115 79
116 81
117 77
118 82
119 100
120 79
121 84
122 84
123 84
124 79
125 1025
126 85
127 87
128 86
129 81
130 1875
131 178
132 88
133 83
134 78
135 84
136 77
137 78
138 81
139 90
140 82
141 91
142 80
143 79
144 79
145 91
146 84
147 75
148 80
149 87
150 84
151 87
152 79
153 78
154 76
155 82
156 81
157 80
158 76
159 82
160 82
161 78
162 76
163 81
164 95
165 81
166 95
167 82
168 86
169 90
170 84
171 82
172 91
173 88
174 99
175 80
176 82
177 82
178 78
179 80
180 81
181 83
182 77
183 77
184 84
185 77
186 79
187 85
188 79
189 88
190 85
191 80
192 77
193 93
194 85
195 85
196 78
197 86
198 89
199 78
200 91
201 78
202 93
203 80
204 80
205 77
206 88
207 79
208 77
209 80
210 176
211 84
212 731
213 79
214 76
215 86
216 83
217 79
218 770
219 79
220 78
221 81
222 80
223 81
224 77
225 85
226 83
227 74
228 76
229 76
230 77
231 81
232 75
233 76
234 78
235 76
236 79
237 81
238 75
239 84
240 82
241 83
242 80
243 80
244 82
245 75
246 79
247 84
248 80
249 78
250 84
251 85
252 76
253 89
254 92
255 177
256 83
257 761
258 74
259 82
260 77
261 90
262 76
263 76
264 87
265 83
266 90
267 78
268 83
269 77
270 80
271 85
272 80
273 83
274 78
275 76
276 82
277 76
278 80
279 80
280 74
281 779
282 80
283 77
284 92
285 81
286 74
287 77
288 83
289 173
290 79
291 1338
292 86
293 77
294 77
295 78
296 175
297 88
298 81
299 82
300 76
301 74
302 80
303 77
304 93
305 82
306 78
307 79
308 76
309 78
310 75
311 83
312 87
313 78
314 74
315 78
316 77
317 87
318 78
319 81
320 81
321 78
322 77
323 82
324 82
325 75
326 77
327 81
328 76
329 75
330 81
331 95
332 76
333 75
334 82
335 76
336 88
337 80
338 78
339 76
340 176
341 75
342 77
343 76
344 84
345 77
346 75
347 79
348 80
349 75
350 77
351 92
352 94
353 78
354 79
355 74
356 97
357 76
358 82
359 346
360 90
361 76
362 88
363 89
364 91
365 79
366 92
367 901
368 77
369 1286
370 83
371 82
372 174
373 82
374 79
375 87
376 88
377 81
378 79
379 80
380 92
381 78
382 84
383 80
384 76
385 179
386 78
387 88
388 79
389 82
390 77
391 79
392 80
393 78
394 92
395 75
396 81
397 80
398 87
399 84
400 82
401 77
402 80
403 80
404 82
405 75
406 74
407 75
408 86
409 81
410 76
411 77
412 89
413 73
414 76
415 84
416 85
417 88
418 79
419 77
420 76
421 78
422 75
423 78
424 80
425 76
426 77
427 75
428 87
429 75
430 75
431 75
432 74
433 79
434 76
435 81
436 89
437 78
438 76
439 76
440 89
441 87
442 82
443 79
444 78
445 81
446 77
447 74
448 75
449 85
450 186
451 81
452 87
453 77
454 99
455 74
456 77
457 81
458 76
459 264
460 76
461 75
462 77
463 75
464 79
465 79
466 74
467 78
468 88
469 87
470 74
471 80
472 75
473 78
474 79
475 76
476 75
477 82
478 78
479 75
480 75
481 76
482 79
483 78
484 88
485 92
486 76
487 77
488 94
489 77
490 75
491 75
492 77
493 2021
494 81
495 77
496 74
497 80
498 77
499 169
