0 2247
1 1662
2 564
3 181
4 194
5 104
6 181
7 1091
8 373
9 91
10 96
11 270
12 191
13 93
14 98
15 1102
16 431
17 87
18 85
19 88
20 104
21 94
22 83
23 85
24 88
25 90
26 282
27 82
28 82
29 87
30 80
31 276
32 86
33 86
34 79
35 1578
36 91
37 171
38 85
39 84
40 90
41 84
42 81
43 90
44 79
45 80
46 85
47 82
48 82
49 87
50 80
51 87
52 85
53 78
54 85
55 81
56 81
57 82
58 82
59 79
60 85
61 81
62 79
63 83
64 85
65 79
66 85
67 82
68 80
69 79
70 79
71 82
72 85
73 76
74 84
75 78
76 87
77 80
78 83
79 81
80 79
81 85
82 81
83 79
84 77
85 78
86 86
87 84
88 1094
89 84
90 79
91 84
92 83
93 84
94 75
95 81
96 81
97 81
98 85
99 80
100 76
101 79
102 84
103 88
104 81
105 75
106 76
107 91
108 80
109 98
110 82
111 972
112 81
113 82
114 94
115 78
116 84
117 79
118 78
119 97
120 178
121 81
122 80
123 79
124 87
125 99
126 81
127 87
128 81
129 81
130 90
131 80
132 82
133 75
134 76
135 83
136 76
137 75
138 347
139 79
140 87
141 76
142 91
143 91
144 82
145 77
146 1399
147 80
148 80
149 88
150 95
151 78
152 77
153 75
154 80
155 90
156 79
157 94
158 84
159 83
160 92
161 76
162 78
163 79
164 77
165 78
166 91
167 74
168 78
169 88
170 75
171 91
172 76
173 86
174 76
175 78
176 74
177 94
178 81
179 77
180 80
181 77
182 82
183 81
184 76
185 75
186 77
187 76
188 77
189 81
190 80
191 87
192 92
193 87
194 77
195 75
196 75
197 79
198 76
199 83
200 96
201 79
202 75
203 76
204 75
205 82
206 74
207 264
208 77
209 75
210 83
211 78
212 103
213 74
214 87
215 78
216 75
217 78
218 75
219 76
220 75
221 76
222 78
223 91
224 77
225 75
226 89
227 95
228 88
229 90
230 86
231 1499
232 184
233 95
234 88
235 84
236 87
237 74
238 76
239 78
240 84
241 88
242 81
243 77
244 73
245 76
246 91
247 83
248 76
249 78
250 88
251 79
252 79
253 75
254 73
255 77
256 72
257 77
258 86
259 74
260 75
261 76
262 79
263 81
264 74
265 73
266 81
267 87
268 73
269 75
270 841
271 74
272 195
273 75
274 75
275 75
276 84
277 87
278 76
279 76
280 79
281 74
282 83
283 74
284 75
285 74
286 76
287 75
288 75
289 74
290 87
291 74
292 75
293 78
294 76
295 75
296 77
297 74
298 73
299 74
300 84
301 89
302 77
303 78
304 76
305 73
306 76
307 73
308 74
309 76
310 74
311 88
312 73
313 74
314 74
315 77
316 73
317 75
318 76
319 75
320 76
321 74
322 74
323 90
324 75
325 75
326 75
327 74
328 76
329 75
330 75
331 76
332 78
333 76
334 2390
335 73
336 75
337 73
338 74
339 76
340 75
341 78
342 74
343 72
344 89
345 73
346 81
347 79
348 73
349 73
350 73
351 81
352 73
353 77
354 87
355 95
356 73
357 72
358 77
359 76
360 74
361 73
362 76
363 73
364 75
365 78
366 72
367 73
368 74
369 74
370 77
371 72
372 78
373 79
374 76
375 76
376 75
377 75
378 73
379 77
380 74
381 88
382 76
383 72
384 73
385 74
386 84
387 73
388 75
389 74
390 72
391 77
392 90
393 88
394 73
395 74
396 77
397 76
398 77
399 77
400 74
401 73
402 72
403 75
404 76
405 75
406 74
407 76
408 72
409 74
410 74
411 73
412 75
413 72
414 78
415 75
416 75
417 76
418 75
419 75
420 73
421 77
422 77
423 73
424 72
425 76
426 75
427 79
428 75
429 77
430 73
431 76
432 78
433 73
434 78
435 81
436 79
437 75
438 73
439 75
440 75
441 92
442 77
443 74
444 85
445 73
446 80
447 73
448 72
449 73
450 73
451 73
452 73
453 74
454 75
455 72
456 73
457 73
458 74
459 73
460 86
461 80
462 72
463 73
464 72
465 73
466 74
467 76
468 80
469 75
470 72
471 84
472 78
473 75
474 73
475 72
476 73
477 72
478 75
479 81
480 75
481 75
482 96
483 77
484 75
485 75
486 75
487 74
488 91
489 73
490 73
491 72
492 72
493 76
494 78
495 72
496 72
497 73
498 73
499 74
