0 2177
1 200
2 189
3 103
4 654
5 288
6 205
7 89
8 191
9 90
10 92
11 1455
12 83
13 82
14 83
15 88
16 84
17 87
18 264
19 86
20 95
21 83
22 78
23 88
24 82
25 81
26 79
27 91
28 82
29 82
30 79
31 90
32 82
33 92
34 83
35 79
36 99
37 84
38 84
39 78
40 91
41 82
42 91
43 81
44 82
45 84
46 86
47 90
48 89
49 90
50 80
51 79
52 83
53 78
54 80
55 79
56 80
57 80
58 76
59 76
60 83
61 79
62 77
63 90
64 74
65 83
66 82
67 77
68 80
69 79
70 84
71 78
72 80
73 83
74 86
75 77
76 81
77 76
78 87
79 78
80 76
81 84
82 81
83 915
84 76
85 431
86 85
87 74
88 266
89 87
90 188
91 1588
92 86
93 85
94 79
95 80
96 78
97 76
98 74
99 80
100 77
101 75
102 82
103 79
104 78
105 80
106 77
107 76
108 78
109 74
110 92
111 98
112 74
113 78
114 74
115 85
116 82
117 86
118 80
119 75
120 79
121 77
122 83
123 80
124 73
125 77
126 78
127 72
128 92
129 81
130 74
131 93
132 351
133 76
134 77
135 76
136 76
137 79
138 83
139 90
140 75
141 74
142 80
143 78
144 74
145 75
146 96
147 75
148 75
149 77
150 77
151 74
152 74
153 74
154 75
155 84
156 78
157 78
158 73
159 75
160 76
161 73
162 75
163 82
164 74
165 78
166 82
167 80
168 75
169 90
170 75
171 183
172 92
173 2047
174 76
175 80
176 78
177 75
178 75
179 87
180 93
181 90
182 74
183 82
184 74
185 77
186 83
187 73
188 89
189 78
190 89
191 74
192 75
193 88
194 85
195 89
196 81
197 72
198 75
199 76
200 77
201 73
202 90
203 77
204 88
205 81
206 77
207 72
208 73
209 77
210 74
211 74
212 75
213 77
214 75
215 76
216 79
217 76
218 77
219 78
220 73
221 74
222 76
223 71
224 74
225 73
226 72
227 77
228 74
229 72
230 72
231 73
232 80
233 76
234 75
235 75
236 72
237 74
238 73
239 73
240 73
241 75
242 72
243 73
244 75
245 73
246 74
247 75
248 73
249 73
250 73
251 77
252 72
253 72
254 79
255 75
256 71
257 75
258 81
259 76
260 73
261 74
262 74
263 72
264 75
265 74
266 72
267 74
268 72
269 72
270 74
271 74
272 74
273 72
274 76
275 73
276 75
277 75
278 73
279 72
280 72
281 71
282 85
283 74
284 75
285 72
286 75
287 76
288 74
289 73
290 87
291 73
292 72
293 74
294 73
295 74
296 78
297 72
298 72
299 74
300 77
301 72
302 75
303 71
304 75
305 83
306 74
307 73
308 73
309 72
310 76
311 75
312 72
313 74
314 72
315 77
316 72
317 74
318 77
319 74
320 72
321 73
322 78
323 72
324 78
325 71
326 72
327 72
328 73
329 72
330 73
331 77
332 72
333 72
334 72
335 73
336 72
337 73
338 74
339 77
340 74
341 75
342 73
343 74
344 72
345 74
346 73
347 74
348 72
349 74
350 73
351 73
352 77
353 72
354 75
355 73
356 73
357 72
358 77
359 73
360 77
361 71
362 75
363 72
364 73
365 76
366 74
367 73
368 74
369 73
370 74
371 75
372 77
373 73
374 72
375 73
376 73
377 76
378 72
379 73
380 76
381 72
382 73
383 74
384 72
385 72
386 73
387 73
388 71
389 77
390 72
391 72
392 75
393 73
394 72
395 73
396 73
397 73
398 72
399 73
400 75
401 72
402 73
403 73
404 72
405 79
406 72
407 72
408 72
409 72
410 77
411 73
412 72
413 73
414 75
415 72
416 72
417 79
418 85
419 73
420 73
421 72
422 77
423 72
424 73
425 73
426 73
427 75
428 73
429 72
430 73
431 73
432 75
433 74
434 72
435 74
436 76
437 73
438 74
439 74
440 72
441 72
442 72
443 72
444 72
445 75
446 74
447 75
448 73
449 74
450 73
451 73
452 75
453 74
454 73
455 76
456 73
457 71
458 72
459 72
460 75
461 73
462 72
463 73
464 72
465 72
466 72
467 72
468 73
469 76
470 73
471 76
472 76
473 73
474 74
475 75
476 72
477 72
478 75
479 74
480 72
481 76
482 73
483 74
484 75
485 75
486 74
487 75
488 72
489 76
490 72
491 71
492 72
493 72
494 74
495 73
496 73
497 72
498 76
499 75
