0 2075
1 893
2 761
3 504
4 695
5 395
6 402
7 278
8 391
9 343
10 324
11 236
12 311
13 224
14 243
15 231
16 226
17 187
18 297
19 247
20 236
21 218
22 326
23 262
24 285
25 199
26 255
27 187
28 183
29 158
30 234
31 159
32 233
33 161
34 217
35 235
36 261
37 185
38 175
39 143
40 236
41 257
42 158
43 151
44 158
45 219
46 181
47 150
48 240
49 156
50 152
51 152
52 151
53 167
54 155
55 225
56 232
57 207
58 208
59 178
60 116
61 124
62 166
63 176
64 201
65 143
66 169
67 176
68 145
69 219
70 138
71 145
72 142
73 145
74 140
75 149
76 146
77 150
78 136
79 149
80 144
81 145
82 149
83 152
84 151
85 151
86 155
87 150
88 151
89 155
90 150
91 159
92 138
93 134
94 149
95 210
96 150
97 148
98 153
99 152
100 159
101 148
102 144
103 139
104 143
105 144
106 144
107 142
108 208
109 145
110 145
111 141
112 189
113 178
114 110
115 114
116 112
117 113
118 116
119 187
120 114
121 107
122 106
123 150
124 146
125 146
126 138
127 140
128 153
129 148
130 131
131 148
132 135
133 153
134 153
135 156
136 151
137 149
138 145
139 154
140 146
141 144
142 146
143 148
144 142
145 146
146 142
147 141
148 142
149 157
150 144
151 156
152 142
153 137
154 179
155 112
156 106
157 111
158 180
159 110
160 161
161 154
162 149
163 142
164 144
165 153
166 150
167 151
168 155
169 154
170 125
171 191
172 158
173 153
174 150
175 152
176 157
177 150
178 144
179 144
180 138
181 195
182 146
183 146
184 142
185 140
186 151
187 152
188 145
189 149
190 148
191 151
192 146
193 146
194 150
195 144
196 145
197 150
198 148
199 145
200 154
201 150
202 147
203 141
204 148
205 139
206 141
207 142
208 141
209 134
210 150
211 146
212 142
213 137
214 137
215 140
216 140
217 145
218 144
219 145
220 143
221 139
222 140
223 149
224 140
225 149
226 155
227 145
228 141
229 143
230 141
231 145
232 140
233 147
234 143
235 144
236 148
237 139
238 142
239 137
240 138
241 143
242 154
243 156
244 155
245 145
246 146
247 144
248 149
249 148
250 149
251 150
252 149
253 147
254 150
255 150
256 149
257 148
258 149
259 150
260 150
261 149
262 147
263 149
264 147
265 149
266 156
267 152
268 155
269 152
270 154
271 151
272 153
273 144
274 142
275 141
276 139
277 139
278 138
279 138
280 139
281 143
282 136
283 137
284 136
285 138
286 145
287 147
288 151
289 147
290 146
291 149
292 148
293 146
294 147
295 146
296 148
297 138
298 147
299 148
300 143
301 144
302 144
303 140
304 140
305 143
306 137
307 143
308 137
309 138
310 141
311 140
312 141
313 188
314 180
315 183
316 190
317 108
318 107
319 181
320 177
321 179
322 106
323 185
324 106
325 106
326 106
327 107
328 185
329 109
330 106
331 108
332 105
333 104
334 154
335 147
336 153
337 151
338 151
339 151
340 104
341 106
342 104
343 105
344 104
345 105
346 105
347 105
348 105
349 105
350 105
351 105
352 105
353 105
354 105
355 105
356 105
357 105
358 104
359 104
360 104
361 104
362 104
363 104
364 104
365 104
366 104
367 104
368 104
369 104
370 104
371 104
372 104
373 104
374 104
375 104
376 104
377 104
378 104
379 104
380 104
381 104
382 104
383 104
384 104
385 104
386 104
387 104
388 104
389 104
390 104
391 104
392 104
393 104
394 104
395 104
396 104
397 104
398 104
399 104
400 104
401 104
402 104
403 104
404 104
405 104
406 104
407 104
408 104
409 104
410 104
411 104
412 104
413 104
414 104
415 104
416 104
417 104
418 104
419 104
420 104
421 104
422 104
423 104
424 104
425 104
426 104
427 104
428 104
429 104
430 104
431 104
432 104
433 104
434 104
435 104
436 104
437 104
438 104
439 104
440 104
441 104
442 104
443 104
444 104
445 104
446 104
447 104
448 104
449 104
450 104
451 104
452 104
453 104
454 104
455 104
456 104
457 104
458 104
459 104
460 104
461 104
462 104
463 104
464 104
465 104
466 104
467 104
468 104
469 104
470 104
471 104
472 104
473 104
474 104
475 104
476 104
477 104
478 104
479 104
480 104
481 104
482 104
483 104
484 104
485 104
486 104
487 104
488 104
489 104
490 104
491 104
492 104
493 104
494 104
495 104
496 104
497 104
498 104
499 104
