0 1954
1 269
2 195
3 211
4 101
5 273
6 906
7 201
8 96
9 189
10 177
11 85
12 81
13 192
14 173
15 173
16 95
17 79
18 79
19 81
20 86
21 79
22 83
23 87
24 82
25 84
26 102
27 87
28 79
29 81
30 81
31 79
32 83
33 81
34 77
35 81
36 91
37 82
38 88
39 81
40 74
41 81
42 84
43 82
44 1290
45 82
46 82
47 89
48 77
49 95
50 89
51 84
52 78
53 75
54 79
55 257
56 78
57 79
58 86
59 897
60 88
61 87
62 88
63 92
64 84
65 88
66 81
67 95
68 89
69 185
70 82
71 86
72 86
73 80
74 84
75 82
76 80
77 84
78 81
79 85
80 76
81 80
82 74
83 74
84 81
85 91
86 83
87 78
88 74
89 73
90 76
91 80
92 90
93 1591
94 74
95 80
96 73
97 74
98 76
99 75
100 78
101 75
102 78
103 73
104 78
105 79
106 74
107 78
108 73
109 78
110 73
111 76
112 77
113 76
114 75
115 74
116 92
117 74
118 75
119 75
120 74
121 80
122 82
123 74
124 79
125 87
126 74
127 76
128 90
129 73
130 76
131 75
132 75
133 75
134 76
135 75
136 75
137 80
138 72
139 74
140 76
141 75
142 75
143 83
144 78
145 73
146 74
147 1272
148 75
149 76
150 73
151 72
152 73
153 75
154 74
155 88
156 76
157 74
158 75
159 77
160 73
161 75
162 78
163 75
164 83
165 74
166 73
167 74
168 73
169 73
170 76
171 80
172 74
173 75
174 73
175 75
176 76
177 73
178 74
179 73
180 77
181 72
182 77
183 73
184 74
185 74
186 75
187 73
188 73
189 77
190 76
191 73
192 74
193 72
194 74
195 74
196 81
197 76
198 75
199 75
200 74
201 75
202 74
203 76
204 74
205 75
206 74
207 74
208 74
209 73
210 73
211 73
212 73
213 90
214 77
215 73
216 73
217 74
218 73
219 75
220 77
221 73
222 74
223 74
224 73
225 74
226 74
227 73
228 76
229 72
230 75
231 73
232 72
233 80
234 74
235 76
236 74
237 73
238 77
239 85
240 73
241 75
242 73
243 79
244 73
245 74
246 72
247 73
248 73
249 72
250 72
251 73
252 73
253 74
254 72
255 72
256 75
257 72
258 74
259 76
260 75
261 91
262 95
263 74
264 76
265 72
266 76
267 75
268 74
269 75
270 72
271 73
272 73
273 75
274 74
275 77
276 77
277 72
278 73
279 75
280 91
281 74
282 72
283 79
284 75
285 73
286 75
287 75
288 73
289 73
290 97
291 74
292 74
293 89
294 74
295 75
296 75
297 72
298 75
299 77
300 74
301 78
302 77
303 74
304 72
305 73
306 73
307 75
308 77
309 73
310 75
311 74
312 75
313 73
314 74
315 75
316 77
317 73
318 75
319 72
320 82
321 77
322 75
323 73
324 74
325 72
326 73
327 80
328 73
329 73
330 73
331 74
332 75
333 74
334 73
335 73
336 72
337 73
338 72
339 72
340 73
341 74
342 75
343 90
344 72
345 74
346 72
347 72
348 74
349 76
350 74
351 73
352 71
353 73
354 75
355 72
356 74
357 72
358 75
359 74
360 72
361 75
362 73
363 77
364 72
365 75
366 74
367 73
368 74
369 72
370 74
371 74
372 76
373 72
374 73
375 76
376 75
377 73
378 73
379 73
380 73
381 72
382 74
383 84
384 72
385 77
386 72
387 93
388 72
389 84
390 73
391 74
392 76
393 72
394 72
395 74
396 74
397 81
398 74
399 73
400 73
401 72
402 74
403 73
404 73
405 75
406 73
407 71
408 72
409 72
410 76
411 73
412 72
413 76
414 72
415 72
416 73
417 76
418 72
419 75
420 72
421 72
422 73
423 74
424 75
425 76
426 76
427 75
428 74
429 74
430 75
431 75
432 73
433 72
434 73
435 72
436 74
437 72
438 72
439 73
440 73
441 73
442 72
443 72
444 74
445 82
446 72
447 72
448 73
449 74
450 73
451 76
452 73
453 74
454 72
455 74
456 73
457 75
458 72
459 72
460 76
461 72
462 73
463 75
464 73
465 76
466 74
467 73
468 74
469 71
470 75
471 73
472 74
473 75
474 76
475 76
476 73
477 76
478 73
479 72
480 72
481 75
482 73
483 76
484 71
485 73
486 75
487 72
488 71
489 72
490 73
491 74
492 72
493 71
494 73
495 76
496 72
497 74
498 71
499 72
