0 1440
1 1528
2 1360
3 715
4 813
5 578
6 644
7 843
8 389
9 475
10 452
11 413
12 429
13 316
14 226
15 468
16 460
17 327
18 253
19 451
20 313
21 266
22 318
23 242
24 262
25 228
26 352
27 346
28 258
29 236
30 321
31 350
32 225
33 306
34 187
35 344
36 338
37 226
38 235
39 184
40 228
41 237
42 205
43 184
44 237
45 156
46 309
47 164
48 154
49 221
50 200
51 173
52 187
53 266
54 182
55 194
56 187
57 180
58 193
59 193
60 226
61 223
62 176
63 191
64 226
65 185
66 201
67 231
68 188
69 175
70 183
71 191
72 269
73 167
74 234
75 155
76 223
77 217
78 227
79 142
80 157
81 236
82 224
83 166
84 219
85 197
86 175
87 225
88 145
89 221
90 153
91 140
92 230
93 218
94 149
95 147
96 147
97 151
98 142
99 144
100 217
101 143
102 154
103 206
104 153
105 157
106 153
107 151
108 168
109 152
110 153
111 153
112 150
113 155
114 152
115 154
116 147
117 154
118 156
119 149
120 182
121 146
122 236
123 159
124 149
125 219
126 168
127 156
128 162
129 147
130 152
131 141
132 149
133 146
134 223
135 149
136 152
137 153
138 207
139 152
140 178
141 152
142 151
143 151
144 147
145 153
146 151
147 148
148 152
149 153
150 152
151 149
152 145
153 159
154 148
155 158
156 156
157 153
158 151
159 152
160 211
161 184
162 193
163 136
164 194
165 111
166 112
167 115
168 118
169 113
170 118
171 114
172 113
173 107
174 115
175 110
176 111
177 106
178 110
179 112
180 107
181 109
182 106
183 104
184 104
185 160
186 155
187 145
188 146
189 144
190 145
191 144
192 144
193 139
194 140
195 258
196 137
197 137
198 126
199 138
200 139
201 131
202 133
203 146
204 156
205 152
206 151
207 147
208 158
209 150
210 151
211 157
212 149
213 149
214 146
215 144
216 148
217 148
218 147
219 144
220 141
221 145
222 154
223 153
224 142
225 147
226 144
227 147
228 147
229 146
230 151
231 146
232 147
233 204
234 146
235 148
236 147
237 148
238 151
239 146
240 148
241 149
242 206
243 147
244 153
245 147
246 149
247 151
248 151
249 144
250 151
251 153
252 149
253 147
254 147
255 204
256 206
257 174
258 177
259 156
260 151
261 149
262 148
263 146
264 150
265 148
266 149
267 146
268 143
269 141
270 203
271 182
272 160
273 138
274 113
275 185
276 112
277 112
278 107
279 110
280 108
281 158
282 161
283 158
284 159
285 154
286 144
287 155
288 149
289 142
290 145
291 143
292 106
293 105
294 110
295 146
296 114
297 109
298 106
299 105
300 106
301 106
302 145
303 145
304 149
305 155
306 151
307 150
308 149
309 149
310 132
311 145
312 142
313 143
314 146
315 146
316 142
317 150
318 145
319 147
320 135
321 106
322 154
323 143
324 143
325 145
326 146
327 156
328 147
329 148
330 148
331 145
332 133
333 149
334 145
335 146
336 144
337 150
338 133
339 181
340 183
341 145
342 150
343 143
344 180
345 158
346 113
347 107
348 109
349 107
350 152
351 143
352 142
353 139
354 142
355 148
356 145
357 150
358 145
359 153
360 142
361 144
362 151
363 137
364 147
365 125
366 151
367 130
368 133
369 109
370 107
371 144
372 105
373 153
374 144
375 150
376 130
377 105
378 105
379 156
380 149
381 145
382 151
383 132
384 107
385 108
386 107
387 105
388 156
389 151
390 155
391 151
392 109
393 151
394 140
395 150
396 144
397 147
398 152
399 149
400 152
401 150
402 147
403 153
404 132
405 149
406 104
407 107
408 106
409 104
410 107
411 153
412 154
413 149
414 160
415 153
416 145
417 132
418 147
419 132
420 108
421 108
422 107
423 107
424 105
425 110
426 106
427 106
428 104
429 105
430 104
431 105
432 157
433 149
434 148
435 149
436 147
437 149
438 144
439 146
440 144
441 146
442 167
443 105
444 105
445 105
446 105
447 147
448 151
449 139
450 143
451 146
452 145
453 145
454 149
455 133
456 134
457 105
458 143
459 134
460 105
461 105
462 141
463 105
464 130
465 133
466 138
467 105
468 104
469 105
470 105
471 104
472 105
473 104
474 105
475 104
476 103
477 105
478 105
479 148
480 147
481 150
482 150
483 149
484 161
485 154
486 151
487 155
488 148
489 150
490 152
491 152
492 151
493 149
494 149
495 150
496 140
497 149
498 153
499 150
