0 3006
1 1906
2 1750
3 1197
4 971
5 1038
6 1006
7 587
8 933
9 558
10 654
11 483
12 702
13 521
14 410
15 563
16 412
17 513
18 502
19 397
20 396
21 413
22 403
23 418
24 303
25 491
26 470
27 404
28 251
29 315
30 387
31 334
32 404
33 250
34 401
35 324
36 250
37 326
38 266
39 327
40 268
41 240
42 353
43 194
44 273
45 365
46 242
47 320
48 219
49 243
50 266
51 334
52 233
53 231
54 169
55 308
56 256
57 245
58 228
59 254
60 272
61 233
62 331
63 165
64 326
65 236
66 184
67 246
68 249
69 270
70 165
71 236
72 244
73 241
74 230
75 158
76 259
77 154
78 333
79 242
80 235
81 233
82 246
83 235
84 257
85 249
86 154
87 235
88 234
89 229
90 239
91 270
92 229
93 231
94 179
95 227
96 191
97 232
98 177
99 192
100 233
101 182
102 196
103 183
104 184
105 184
106 198
107 183
108 186
109 191
110 181
111 183
112 182
113 179
114 183
115 155
116 154
117 193
118 263
119 162
120 147
121 189
122 232
123 176
124 182
125 225
126 186
127 140
128 179
129 223
130 156
131 186
132 184
133 176
134 239
135 167
136 177
137 211
138 184
139 181
140 175
141 184
142 203
143 221
144 205
145 186
146 189
147 118
148 176
149 180
150 202
151 187
152 190
153 183
154 183
155 198
156 150
157 236
158 220
159 150
160 217
161 226
162 141
163 139
164 227
165 135
166 182
167 178
168 177
169 222
170 142
171 142
172 147
173 218
174 232
175 147
176 221
177 227
178 238
179 138
180 147
181 149
182 158
183 156
184 150
185 153
186 151
187 140
188 156
189 233
190 146
191 229
192 160
193 147
194 147
195 142
196 145
197 150
198 148
199 150
200 160
201 146
202 150
203 159
204 153
205 146
206 149
207 153
208 143
209 151
210 195
211 154
212 162
213 158
214 157
215 152
216 159
217 156
218 147
219 150
220 154
221 154
222 157
223 150
224 157
225 155
226 149
227 153
228 162
229 149
230 147
231 155
232 149
233 149
234 216
235 153
236 152
237 157
238 154
239 150
240 151
241 150
242 158
243 150
244 152
245 223
246 144
247 142
248 154
249 152
250 193
251 147
252 154
253 148
254 156
255 153
256 143
257 150
258 152
259 150
260 149
261 157
262 152
263 149
264 143
265 155
266 149
267 156
268 150
269 155
270 143
271 156
272 149
273 154
274 146
275 186
276 153
277 153
278 148
279 159
280 153
281 151
282 148
283 148
284 155
285 144
286 144
287 149
288 154
289 163
290 151
291 147
292 158
293 148
294 147
295 152
296 149
297 158
298 149
299 150
300 153
301 153
302 150
303 200
304 153
305 151
306 152
307 154
308 155
309 154
310 152
311 147
312 150
313 152
314 150
315 150
316 153
317 150
318 150
319 151
320 152
321 151
322 149
323 147
324 152
325 149
326 153
327 149
328 151
329 209
330 185
331 182
332 182
333 184
334 177
335 118
336 193
337 124
338 180
339 189
340 115
341 117
342 128
343 108
344 115
345 114
346 201
347 110
348 119
349 118
350 115
351 111
352 113
353 118
354 111
355 106
356 117
357 111
358 110
359 109
360 109
361 109
362 114
363 108
364 114
365 107
366 111
367 107
368 109
369 113
370 108
371 109
372 108
373 108
374 108
375 110
376 109
377 109
378 107
379 111
380 107
381 106
382 107
383 105
384 107
385 105
386 153
387 157
388 157
389 154
390 154
391 156
392 154
393 150
394 148
395 145
396 136
397 206
398 209
399 141
400 212
401 134
402 146
403 127
404 130
405 127
406 132
407 132
408 132
409 134
410 137
411 145
412 111
413 133
414 132
415 151
416 139
417 141
418 155
419 137
420 108
421 139
422 126
423 140
424 136
425 129
426 142
427 136
428 140
429 146
430 108
431 138
432 138
433 145
434 139
435 137
436 141
437 154
438 150
439 144
440 147
441 147
442 133
443 148
444 143
445 142
446 153
447 150
448 144
449 149
450 145
451 149
452 150
453 145
454 143
455 149
456 153
457 147
458 145
459 146
460 148
461 145
462 147
463 151
464 150
465 143
466 151
467 154
468 147
469 149
470 146
471 149
472 154
473 156
474 143
475 154
476 157
477 149
478 151
479 143
480 158
481 152
482 155
483 151
484 156
485 148
486 153
487 155
488 151
489 151
490 152
491 154
492 155
493 155
494 145
495 145
496 150
497 131
498 151
499 151
