0 1480
1 832
2 829
3 393
4 479
5 388
6 377
7 326
8 343
9 294
10 351
11 319
12 423
13 236
14 237
15 236
16 231
17 264
18 163
19 266
20 249
21 241
22 237
23 155
24 234
25 227
26 188
27 189
28 191
29 180
30 190
31 185
32 180
33 178
34 184
35 144
36 291
37 146
38 236
39 178
40 138
41 183
42 133
43 151
44 252
45 159
46 151
47 180
48 226
49 135
50 144
51 188
52 178
53 179
54 144
55 154
56 145
57 221
58 153
59 148
60 154
61 154
62 148
63 147
64 149
65 149
66 152
67 180
68 146
69 155
70 147
71 157
72 146
73 143
74 149
75 145
76 144
77 148
78 158
79 153
80 152
81 165
82 153
83 151
84 153
85 146
86 148
87 141
88 145
89 218
90 159
91 151
92 158
93 149
94 150
95 162
96 198
97 155
98 150
99 151
100 147
101 151
102 153
103 152
104 148
105 147
106 148
107 144
108 150
109 155
110 148
111 155
112 143
113 146
114 155
115 144
116 181
117 182
118 179
119 184
120 208
121 208
122 114
123 116
124 110
125 108
126 108
127 110
128 105
129 159
130 157
131 152
132 149
133 132
134 180
135 103
136 147
137 150
138 148
139 147
140 211
141 145
142 146
143 144
144 142
145 146
146 145
147 147
148 147
149 146
150 144
151 143
152 143
153 142
154 145
155 142
156 226
157 151
158 219
159 167
160 151
161 136
162 138
163 141
164 141
165 142
166 149
167 146
168 143
169 147
170 145
171 151
172 146
173 145
174 150
175 145
176 133
177 143
178 142
179 147
180 142
181 148
182 213
183 187
184 109
185 117
186 111
187 107
188 107
189 109
190 105
191 105
192 105
193 105
194 105
195 151
196 140
197 145
198 156
199 156
200 158
201 158
202 150
203 150
204 153
205 154
206 157
207 150
208 147
209 152
210 152
211 145
212 107
213 106
214 106
215 106
216 105
217 105
218 105
219 154
220 154
221 148
222 147
223 150
224 146
225 145
226 147
227 146
228 139
229 140
230 140
231 151
232 140
233 144
234 140
235 145
236 140
237 141
238 147
239 140
240 147
241 125
242 142
243 139
244 140
245 146
246 145
247 147
248 147
249 145
250 140
251 143
252 128
253 107
254 105
255 105
256 105
257 105
258 105
259 105
260 105
261 104
262 104
263 104
264 105
265 106
266 108
267 107
268 107
269 108
270 110
271 108
272 108
273 112
274 109
275 108
276 108
277 108
278 107
279 107
280 107
281 107
282 107
283 105
284 105
285 105
286 105
287 104
288 104
289 104
290 149
291 146
292 147
293 146
294 146
295 145
296 152
297 107
298 106
299 104
300 104
301 104
302 104
303 104
304 104
305 106
306 106
307 106
308 106
309 106
310 106
311 106
312 106
313 106
314 105
315 105
316 105
317 106
318 106
319 106
320 106
321 106
322 106
323 106
324 106
325 106
326 106
327 105
328 106
329 106
330 106
331 106
332 106
333 106
334 106
335 106
336 106
337 106
338 106
339 106
340 106
341 106
342 106
343 106
344 106
345 106
346 106
347 106
348 106
349 106
350 106
351 106
352 106
353 106
354 106
355 106
356 106
357 106
358 106
359 106
360 106
361 106
362 106
363 106
364 106
365 106
366 106
367 106
368 106
369 106
370 106
371 106
372 106
373 106
374 106
375 106
376 106
377 106
378 106
379 106
380 106
381 106
382 106
383 106
384 106
385 106
386 106
387 106
388 106
389 106
390 106
391 106
392 106
393 106
394 106
395 106
396 106
397 106
398 106
399 106
400 106
401 106
402 106
403 106
404 106
405 106
406 106
407 106
408 106
409 106
410 106
411 106
412 106
413 106
414 106
415 106
416 106
417 106
418 106
419 106
420 106
421 106
422 106
423 106
424 106
425 106
426 106
427 106
428 106
429 106
430 106
431 106
432 106
433 106
434 106
435 106
436 106
437 106
438 106
439 106
440 106
441 106
442 106
443 106
444 106
445 106
446 106
447 106
448 106
449 106
450 106
451 106
452 106
453 106
454 106
455 106
456 106
457 106
458 106
459 106
460 106
461 106
462 106
463 106
464 106
465 106
466 106
467 106
468 106
469 106
470 106
471 106
472 106
473 106
474 106
475 106
476 106
477 106
478 106
479 106
480 106
481 106
482 106
483 106
484 106
485 106
486 106
487 106
488 106
489 106
490 106
491 106
492 106
493 106
494 106
495 106
496 106
497 106
498 106
499 106
