0 1372
1 989
2 759
3 841
4 579
5 408
6 498
7 393
8 340
9 394
10 277
11 327
12 393
13 246
14 313
15 231
16 354
17 261
18 231
19 233
20 238
21 234
22 155
23 225
24 244
25 248
26 233
27 234
28 184
29 158
30 168
31 162
32 160
33 305
34 153
35 240
36 183
37 192
38 190
39 183
40 182
41 179
42 188
43 188
44 113
45 182
46 186
47 174
48 146
49 157
50 220
51 216
52 218
53 143
54 150
55 188
56 147
57 221
58 148
59 146
60 227
61 150
62 150
63 161
64 251
65 146
66 143
67 146
68 148
69 154
70 151
71 153
72 148
73 142
74 153
75 151
76 146
77 142
78 150
79 148
80 157
81 167
82 176
83 188
84 115
85 187
86 170
87 188
88 178
89 182
90 178
91 142
92 137
93 145
94 145
95 213
96 148
97 149
98 145
99 153
100 150
101 139
102 144
103 146
104 151
105 150
106 154
107 165
108 151
109 150
110 150
111 152
112 145
113 151
114 149
115 146
116 150
117 146
118 148
119 150
120 150
121 148
122 151
123 148
124 155
125 148
126 150
127 149
128 147
129 157
130 148
131 152
132 142
133 146
134 142
135 145
136 152
137 152
138 150
139 148
140 145
141 199
142 148
143 149
144 152
145 182
146 182
147 111
148 185
149 176
150 113
151 109
152 109
153 106
154 107
155 107
156 156
157 150
158 150
159 149
160 153
161 149
162 151
163 151
164 148
165 142
166 140
167 144
168 134
169 174
170 149
171 146
172 141
173 146
174 146
175 139
176 145
177 145
178 138
179 147
180 212
181 179
182 148
183 143
184 170
185 149
186 145
187 145
188 141
189 143
190 145
191 145
192 144
193 174
194 147
195 150
196 174
197 183
198 108
199 107
200 105
201 106
202 163
203 154
204 158
205 150
206 148
207 150
208 148
209 149
210 147
211 138
212 174
213 108
214 105
215 106
216 106
217 138
218 136
219 132
220 106
221 105
222 105
223 105
224 105
225 105
226 105
227 106
228 105
229 105
230 150
231 146
232 140
233 146
234 145
235 134
236 105
237 105
238 105
239 106
240 105
241 106
242 106
243 106
244 106
245 106
246 106
247 106
248 106
249 106
250 106
251 106
252 154
253 147
254 154
255 148
256 150
257 149
258 150
259 148
260 145
261 148
262 146
263 145
264 149
265 147
266 148
267 146
268 145
269 147
270 147
271 147
272 127
273 133
274 107
275 106
276 106
277 106
278 106
279 106
280 106
281 107
282 107
283 109
284 153
285 150
286 149
287 145
288 146
289 145
290 151
291 150
292 152
293 126
294 109
295 105
296 106
297 105
298 105
299 105
300 105
301 105
302 105
303 105
304 105
305 105
306 105
307 105
308 105
309 105
310 105
311 105
312 105
313 105
314 105
315 105
316 105
317 105
318 105
319 105
320 105
321 105
322 105
323 105
324 105
325 105
326 105
327 105
328 105
329 105
330 105
331 105
332 105
333 105
334 105
335 105
336 105
337 105
338 105
339 105
340 105
341 105
342 105
343 105
344 105
345 105
346 105
347 105
348 105
349 105
350 105
351 105
352 105
353 105
354 105
355 105
356 105
357 105
358 105
359 105
360 105
361 105
362 105
363 105
364 105
365 105
366 105
367 105
368 105
369 105
370 105
371 105
372 105
373 105
374 105
375 105
376 105
377 105
378 105
379 105
380 105
381 105
382 105
383 105
384 105
385 105
386 105
387 105
388 105
389 105
390 105
391 105
392 105
393 105
394 105
395 105
396 105
397 105
398 105
399 105
400 105
401 105
402 105
403 105
404 105
405 105
406 105
407 105
408 105
409 105
410 105
411 105
412 105
413 105
414 105
415 105
416 105
417 105
418 105
419 105
420 105
421 105
422 105
423 105
424 105
425 105
426 105
427 105
428 105
429 105
430 105
431 105
432 105
433 105
434 105
435 105
436 105
437 105
438 105
439 105
440 105
441 105
442 105
443 105
444 105
445 105
446 105
447 105
448 105
449 105
450 105
451 105
452 105
453 105
454 105
455 105
456 105
457 105
458 105
459 105
460 105
461 105
462 105
463 105
464 105
465 105
466 105
467 105
468 105
469 105
470 105
471 105
472 105
473 105
474 105
475 105
476 105
477 105
478 105
479 105
480 105
481 105
482 105
483 105
484 105
485 105
486 105
487 105
488 105
489 105
490 105
491 105
492 105
493 105
494 105
495 105
496 105
497 105
498 105
499 105
